4294967278,133
4294967279,221
4294967279,309
4294967279,289
3,1
3,34
29,1209
29,5
29,1207
81,62
81,61
81,5
81,4
14,647
14,1
14,640
49,8
49,5
46,5
4294967294,1345
4294967294,473
4294967294,17
4294967294,41
4294967294,65
4294967294,96
4294967294,74
4294967294,40
4294967294,419
4294967294,42
4294967294,50
4294967294,51
4294967294,466
4294967294,25
4294967294,935
4294967294,26
74,32769
74,30921
74,31225
74,491
82,263
82,4
82,2241
82,5
28,1
28,520
65,4
65,11
15,4
15,57
53,4
53,1
53,5
50,1
50,305
50,5
52,268
52,5
80,30
80,4
80,31
80,5
71,1
71,130
5,4
5,23
78,199
78,1
78,790
79,4
79,274
87,84
87,4
87,196
87,14
87,5
86,20
86,4
86,36
86,14
86,5
85,72
85,4
85,106
85,53
85,5
83,462
83,461
83,4
83,740
83,393
83,5
72,1
72,17
73,1
73,11
73,5
43,5
43,1
43,4
40,3788
35,5
49,132
36,5
36,1
95,4
95,5
92,291
92,359
94,356
94,695
94,533
90,165
90,4
90,471
90,51
90,5
88,157
88,4
25,1
25,207
25,4
19,86
19,4
77,4
4294967278,453
4294967294,1349
4294967294,420
4294967278,294
4294967293,131
4294967293,130
4294967293,129
4294967293,128
4294967293,127
4294967293,126
4294967293,125
4294967293,124
4294967293,123
4294967293,122
4294967293,121
4294967293,120
4294967293,119
4294967293,118
4294967293,117
4294967293,116
4294967293,115
4294967293,114
4294967293,113
4294967293,112
4294967293,111
4294967293,110
4294967293,109
4294967293,108
4294967293,107
4294967293,106
4294967293,105
4294967293,104
4294967293,103
4294967293,102
4294967293,101
4294967293,100
4294967293,99
4294967293,98
4294967293,97
4294967293,96
4294967293,95
4294967293,94
4294967293,93
4294967293,92
4294967293,91
4294967293,90
4294967293,89
4294967293,87
4294967293,86
4294967293,85
4294967293,84
4294967293,83
4294967293,82
4294967293,81
4294967293,80
4294967293,79
4294967293,78
4294967293,77
4294967293,76
4294967293,75
4294967293,74
4294967293,73
4294967293,72
4294967293,71
4294967293,70
4294967293,69
4294967293,68
4294967293,67
4294967293,66
4294967293,65
4294967293,64
4294967293,63
4294967293,62
4294967293,61
4294967293,60
4294967293,59
4294967293,58
4294967293,57
4294967293,56
4294967293,55
4294967293,54
4294967293,53
4294967293,52
4294967293,51
4294967293,50
4294967293,49
4294967293,48
4294967293,47
4294967293,46
4294967293,45
4294967293,44
4294967293,43
4294967293,42
4294967293,41
4294967293,40
4294967293,39
4294967293,38
4294967293,37
4294967293,36
4294967293,35
4294967293,34
4294967293,33
4294967293,32
4294967293,31
4294967293,30
4294967293,29
4294967293,28
4294967293,27
4294967293,26
4294967293,25
4294967293,24
4294967293,23
4294967293,22
4294967293,21
4294967293,20
4294967293,19
4294967293,18
4294967293,17
4294967293,16
4294967293,15
4294967293,14
4294967293,13
4294967293,12
4294967293,11
4294967293,10
4294967293,9
4294967293,8
4294967293,7
4294967293,6
4294967293,5
4294967293,4
4294967293,3
4294967278,132
4294967278,131
4294967278,130
4294967278,129
4294967278,128
4294967278,127
4294967278,126
4294967278,125
4294967278,124
4294967278,123
4294967278,122
4294967278,121
4294967278,120
4294967278,119
4294967278,118
4294967278,117
4294967278,116
4294967278,115
4294967278,114
4294967278,113
4294967278,112
4294967278,111
4294967278,110
4294967278,109
4294967278,108
4294967278,107
4294967278,106
4294967278,105
4294967278,104
4294967278,103
4294967278,102
4294967278,101
4294967278,100
4294967278,99
4294967278,98
4294967278,97
4294967278,96
4294967278,95
4294967278,94
4294967278,93
4294967278,92
4294967278,91
4294967278,90
4294967278,89
4294967278,87
4294967278,86
4294967278,85
4294967278,84
4294967278,83
4294967278,82
4294967278,81
4294967278,80
4294967278,79
4294967278,78
4294967278,77
4294967278,76
4294967278,75
4294967278,74
4294967278,73
4294967278,72
4294967278,71
4294967278,70
4294967278,69
4294967278,310
4294967278,293
4294967278,64
4294967278,63
4294967278,62
4294967278,61
4294967278,467
4294967278,58
4294967278,229
4294967278,465
4294967278,53
4294967278,194
4294967278,462
4294967278,48
4294967278,46
4294967278,45
4294967278,301
4294967278,300
4294967278,42
4294967278,40
4294967278,39
4294967278,281
4294967278,36
4294967278,34
4294967278,303
4294967278,33
4294967278,274
4294967278,32
4294967278,31
4294967278,30
4294967278,29
4294967278,28
4294967278,27
4294967278,26
4294967278,25
4294967278,270
4294967278,22
4294967278,21
4294967278,20
4294967278,19
4294967278,18
4294967278,17
4294967278,16
4294967278,278
4294967278,15
4294967278,14
4294967278,13
4294967278,12
4294967278,11
4294967278,262
4294967278,10
4294967278,9
4294967278,8
4294967278,7
4294967278,6
4294967278,5
4294967278,4
4294967279,132
4294967279,131
4294967279,130
4294967279,129
4294967279,128
4294967279,127
4294967279,126
4294967279,125
4294967279,124
4294967279,123
4294967279,122
4294967279,121
4294967279,120
4294967279,119
4294967279,118
4294967279,117
4294967279,116
4294967279,115
4294967279,114
4294967279,113
4294967279,112
4294967279,111
4294967279,110
4294967279,109
4294967279,108
4294967279,107
4294967279,106
4294967279,105
4294967279,104
4294967279,103
4294967279,102
4294967279,101
4294967279,100
4294967279,99
4294967279,98
4294967279,97
4294967279,96
4294967279,95
4294967279,94
4294967279,93
4294967279,92
4294967279,91
4294967279,90
4294967279,89
4294967279,87
4294967279,86
4294967279,85
4294967279,84
4294967279,83
4294967279,82
4294967279,81
4294967279,80
4294967279,79
4294967279,78
4294967279,77
4294967279,76
4294967279,75
4294967279,74
4294967279,73
4294967279,72
4294967279,71
4294967279,70
4294967279,68
4294967279,308
4294967279,269
4294967279,64
4294967279,63
4294967279,62
4294967279,318
4294967279,47
4294967279,46
4294967279,45
4294967279,40
4294967279,39
4294967279,36
4294967279,35
4294967279,34
4294967279,305
4294967279,33
4294967279,32
4294967279,31
4294967279,30
4294967279,302
4294967279,28
4294967279,27
4294967279,26
4294967279,25
4294967279,148
4294967279,23
4294967279,22
4294967279,21
4294967279,20
4294967279,19
4294967279,301
4294967279,18
4294967279,17
4294967279,16
4294967279,141
4294967279,15
4294967279,14
4294967279,13
4294967279,12
4294967279,11
4294967279,256
4294967279,10
4294967279,9
4294967279,8
4294967279,7
4294967279,6
4294967279,5
4294967279,4
4294967279,170
4294967279,0
4294967279,69
4294967278,317
4294967278,68
4294967294,22
4294967278,316
4294967278,260
4294967278,0
4294967278,67
4294967279,67
4294967294,966
4294967294,965
4294967294,80
4294967294,520
4294967294,81
0,5
4294967278,66
4294967294,1354
4294967294,7
4294967279,66
4294967294,6
4294967278,65
4294967279,169
4294967279,65
4294967278,186
102,5
102,4
102,3
102,2
102,1
102,0
4294967278,1
4294967278,315
4294967279,168
4294967279,61
4294967294,909
4294967294,28
4294967278,60
4294967279,167
4294967279,60
4294967278,59
4294967279,166
4294967279,59
4294967279,165
4294967279,58
4294967278,57
4294967279,57
101,4
4294967278,56
101,3
101,2
101,1
101,0
4294967279,56
4294967278,55
4294967279,55
4294967278,54
4294967279,54
4294967279,53
4294967278,52
4294967279,52
100,4
4294967278,51
100,3
100,2
100,1
100,0
4294967279,51
4294967278,50
99,38
4294967279,164
99,37
99,36
99,35
99,27
4294967279,163
99,34
99,19
99,33
99,32
99,20
99,31
99,30
99,29
99,11
99,28
99,12
99,23
99,26
99,25
99,24
99,17
99,22
99,21
99,18
99,14
99,16
99,15
99,13
99,6
99,5
99,10
4294967279,50
99,9
4294967278,49
99,8
99,7
4294967279,2
4294967279,88
4294967279,49
4294967279,48
4294967278,47
99,4
99,3
99,2
99,1
99,0
4294967278,44
4294967294,429
98,30
98,17
98,29
98,13
98,28
98,27
98,23
98,26
98,25
98,24
98,16
98,19
98,22
98,12
98,21
98,20
98,14
98,18
98,15
98,11
98,10
98,6
98,5
98,9
4294967279,44
4294967279,306
98,8
98,7
4294967278,43
94,262
94,257
94,62
94,57
94,29
94,265
94,197
94,195
94,58
94,5
94,183
94,168
94,142
94,129
94,100
94,76
94,45
94,20
94,2
94,4
4294967279,43
4294967279,42
4294967278,41
4294967279,41
98,4
98,3
98,2
98,1
98,0
4294967278,38
4294967294,1
4294967294,1357
4294967294,414
97,14
97,13
97,12
97,11
97,10
97,9
97,8
4294967279,174
97,7
97,6
97,5
4294967279,38
0,7
4294967278,37
4294967278,175
93,5
93,2
93,4
4294967279,37
4294967278,35
97,4
97,3
97,2
97,1
97,0
96,42
96,38
96,41
4294967279,162
96,40
96,39
96,35
4294967279,161
96,37
96,36
96,32
4294967279,160
96,34
96,33
96,29
4294967279,158
96,31
96,30
4294967279,157
96,25
96,28
96,27
96,26
4294967279,156
96,22
96,24
96,23
4294967279,155
96,19
96,21
96,20
4294967279,154
96,16
96,18
96,17
4294967279,153
96,12
96,15
96,14
96,13
96,10
96,11
92,309
92,293
96,9
92,289
92,285
92,279
92,268
92,258
92,131
92,61
92,57
92,48
96,5
92,10
92,305
92,303
92,295
92,287
92,284
92,280
92,271
96,8
92,267
92,261
92,256
92,62
92,58
92,53
92,40
92,11
92,5
92,414
92,398
92,379
92,373
92,350
92,332
92,252
92,232
92,207
92,192
92,107
92,85
92,76
96,7
92,30
96,6
92,12
92,413
92,406
92,391
92,377
92,358
92,335
92,322
92,241
92,220
92,201
92,124
92,112
92,90
92,68
92,35
92,23
92,2
92,4
96,4
4294967279,29
96,3
96,2
96,1
96,0
4294967294,476
4294967294,474
95,654
95,818
95,653
95,652
95,60
95,817
95,816
95,815
95,814
95,813
95,812
95,811
95,810
95,809
95,808
95,807
95,806
95,805
95,804
95,803
95,802
95,801
95,800
95,799
95,798
95,797
95,796
95,795
95,794
95,793
95,792
95,791
95,790
95,789
95,788
95,787
95,786
95,785
95,784
95,783
95,782
95,781
95,780
95,779
95,778
95,777
95,776
95,775
95,774
95,773
95,772
95,771
95,770
95,769
95,768
95,767
95,766
95,765
95,764
95,763
95,762
95,761
95,760
95,759
95,758
95,757
95,756
95,755
95,754
95,753
95,752
95,751
95,750
95,749
95,748
95,747
95,746
95,745
95,744
95,743
95,742
95,741
95,740
95,739
95,738
95,737
95,736
95,735
95,734
95,733
95,732
95,731
95,730
95,729
95,728
95,727
95,726
95,725
95,724
95,723
95,722
95,721
95,720
95,719
95,718
95,717
95,716
95,715
95,714
95,713
95,712
95,711
95,710
95,709
95,708
95,707
95,706
95,705
95,704
95,575
95,574
95,573
95,572
95,571
95,570
95,569
95,568
95,651
95,567
95,566
95,650
95,565
95,564
95,649
95,648
95,563
95,562
95,647
95,646
95,561
95,645
95,560
95,644
95,559
95,558
95,643
95,642
95,641
95,640
95,557
95,581
95,556
95,580
95,555
95,579
95,578
95,554
95,577
95,576
95,553
95,63
95,552
95,62
95,551
95,550
95,61
95,549
95,548
95,547
95,546
95,545
95,544
95,543
95,542
95,541
95,540
95,539
95,538
95,537
95,536
95,535
95,534
4294967294,5
95,533
95,532
95,531
95,530
95,529
95,528
95,527
95,59
95,526
95,525
95,524
95,523
95,522
95,521
95,520
95,519
95,518
95,517
95,516
95,515
95,514
95,513
95,512
95,511
95,510
95,509
95,508
95,507
95,506
95,505
95,504
95,503
95,502
95,58
95,501
95,500
95,499
95,498
95,497
95,496
95,495
95,494
95,493
95,492
95,491
95,490
4294967279,383
4294967279,260
95,489
95,488
95,487
95,486
95,485
95,484
95,483
95,482
95,481
95,480
95,479
95,478
95,477
95,476
95,57
95,475
95,474
95,473
95,472
95,471
95,470
95,469
95,468
95,467
95,466
95,465
95,464
95,463
95,462
95,461
95,460
95,459
95,458
95,457
95,456
95,455
95,454
95,453
95,56
95,452
95,451
95,450
95,449
4294967278,188
95,448
95,447
95,446
95,445
95,444
95,443
95,442
95,441
95,440
95,439
95,438
95,437
95,436
95,435
95,434
95,433
95,432
95,431
95,430
95,429
95,428
95,427
95,55
95,426
95,425
95,424
95,423
95,422
95,421
95,420
95,419
4294967278,187
95,418
95,417
95,416
95,415
95,414
95,413
95,412
95,411
95,410
95,409
95,408
95,407
95,406
95,405
95,404
95,403
95,54
95,402
95,401
95,400
95,399
95,398
95,397
95,396
95,395
95,394
95,393
95,392
95,391
95,390
95,389
95,388
95,387
95,386
95,385
95,384
95,383
95,382
95,381
95,380
95,379
95,378
95,53
95,377
95,376
95,375
95,374
95,373
95,372
95,371
95,370
95,369
95,368
95,367
95,366
95,365
95,364
95,363
95,362
95,361
95,360
95,359
95,358
95,357
95,356
95,355
95,354
95,52
95,353
95,352
95,351
95,350
95,349
95,348
95,347
95,346
95,345
95,344
95,343
95,342
95,341
95,340
95,339
95,338
95,337
95,336
95,335
95,334
95,333
95,332
95,331
95,330
95,51
95,329
95,328
95,327
95,326
95,325
95,324
95,323
95,322
95,321
95,320
95,319
95,318
95,317
95,316
95,315
95,314
95,313
95,312
95,311
95,310
95,309
95,308
95,50
95,307
95,306
95,305
95,304
95,303
95,302
95,301
95,300
95,299
95,298
95,297
95,296
95,295
95,294
95,293
95,292
95,291
95,290
95,289
95,288
95,287
95,286
95,285
95,49
95,284
95,283
95,282
95,281
95,280
95,279
95,278
95,277
95,276
95,275
95,274
95,273
95,272
95,271
95,270
95,269
95,268
95,267
95,266
95,265
95,264
95,263
95,262
95,48
95,261
95,260
95,259
95,258
95,257
95,256
95,255
95,254
95,253
95,252
95,251
95,250
95,249
95,248
4294967278,24
95,247
95,246
95,245
95,244
95,243
95,242
95,241
95,240
95,239
95,47
95,238
95,237
95,236
95,235
95,234
95,233
95,232
95,231
95,230
95,229
95,228
95,227
95,226
95,225
95,224
95,223
95,222
95,221
95,220
95,219
95,218
95,217
95,46
95,216
95,215
95,214
95,213
95,212
95,211
95,210
95,209
95,208
95,207
95,206
95,205
95,204
95,203
95,202
95,201
95,200
95,199
95,198
95,197
95,196
95,195
95,45
95,194
95,193
95,192
95,191
95,190
95,189
95,188
95,187
95,186
95,185
95,184
95,183
95,182
95,181
95,180
95,179
95,178
95,177
95,176
4294967279,24
95,175
95,174
95,173
95,44
95,172
95,171
95,170
95,169
95,168
95,167
95,166
95,165
95,164
95,163
95,162
95,161
95,160
95,159
95,158
95,157
95,156
95,155
95,154
95,153
95,152
95,43
95,151
95,150
95,149
95,148
95,147
95,146
95,145
95,144
95,143
95,142
95,141
95,140
95,139
95,138
95,137
95,136
95,135
95,134
95,133
95,132
95,131
95,42
95,130
95,129
95,128
95,127
95,126
95,125
95,124
95,123
95,122
95,121
95,120
95,119
95,118
95,117
95,116
95,115
95,114
95,113
95,41
95,112
95,111
95,110
95,109
95,108
95,107
95,106
95,105
4294967278,23
95,104
95,103
95,102
95,101
95,100
95,99
95,98
95,97
95,96
95,95
95,94
95,93
95,92
95,40
95,91
95,90
95,89
95,88
95,87
95,86
95,85
95,84
95,83
95,82
95,81
95,80
95,79
95,78
95,77
95,76
95,75
95,74
95,73
95,72
95,35
95,71
95,70
95,69
95,68
95,67
95,66
95,65
95,64
95,39
95,38
95,37
95,36
95,34
95,33
95,32
95,31
95,30
95,29
95,28
95,27
95,26
95,25
95,24
95,23
95,22
95,21
95,20
95,19
95,18
95,17
95,16
95,15
95,14
95,13
95,12
95,11
95,10
91,1932
91,1448
91,1923
91,1724
91,1314
91,1291
91,1098
91,927
91,918
91,767
91,733
91,633
91,622
91,585
91,375
91,355
91,334
91,221
91,194
91,68
91,1470
91,1930
91,1725
91,1721
91,1713
91,1705
91,1093
91,1685
91,756
91,717
91,631
91,618
91,590
91,1335
91,350
91,328
91,1131
91,76
91,74
91,1121
91,1456
91,1419
91,1414
91,1709
91,1707
91,948
91,1691
95,9
91,909
91,745
91,724
91,1667
91,612
91,253
91,376
91,352
91,321
91,1132
91,211
91,55
91,104
91,103
91,6
91,2130
91,2127
91,2117
91,1536
91,1010
91,998
91,994
91,983
91,970
91,1991
91,446
91,1843
91,425
91,1822
91,1810
91,398
91,1597
91,95
95,8
91,1573
91,1566
91,1556
91,2121
91,1541
91,1016
91,2029
91,999
91,2012
91,981
91,969
91,964
91,434
91,432
91,420
91,1825
91,399
91,1805
91,1795
91,93
91,91
91,71
91,5
91,2267
95,7
91,2086
91,1874
95,6
91,1748
91,1628
91,1507
91,1498
91,1275
91,1256
91,1172
91,1044
91,858
91,839
91,698
91,567
91,543
91,454
91,299
91,168
91,144
91,106
91,105
91,2
91,4
4294967294,103
4294967294,91
4294967294,93
95,3
95,2
95,1
95,0
4294967294,8
4294967294,46
4294967294,1356
4294967294,1355
4294967294,2
4294967294,0
4294967294,1346
4294967294,1350
4294967294,44
4294967294,43
4294967294,1353
4294967294,52
4294967294,938
4294967294,151
4294967294,1348
4294967294,1352
4294967294,475
4294967294,88
4294967294,87
4294967294,86
4294967294,85
4294967294,84
4294967294,83
4294967294,82
4294967294,9
4294967294,90
4294967294,92
94,694
94,693
94,692
94,691
94,575
94,690
94,689
94,688
94,687
94,686
94,685
94,684
94,683
94,574
94,682
94,681
94,680
94,679
94,678
94,677
94,676
94,675
94,674
94,673
94,672
94,671
94,670
94,669
94,668
94,667
94,666
94,665
94,532
94,664
94,663
94,662
94,661
94,660
94,573
94,659
94,658
94,572
94,657
94,571
94,656
94,570
94,655
94,654
94,569
94,568
94,653
94,567
94,566
94,652
94,565
94,651
94,650
94,649
94,648
94,647
94,646
94,645
94,644
94,643
94,564
94,642
94,641
94,640
94,511
94,510
94,509
94,508
94,507
94,506
94,505
94,563
94,504
94,503
94,562
94,561
94,319
94,502
94,501
94,560
94,50
94,500
94,499
94,498
94,497
94,496
94,495
94,559
94,494
94,493
94,492
94,491
94,558
