Query_1	BBa_S04003	100.000	71	0	0	1	71	190	260	1.85e-31	132
Query_1	BBa_M1733	100.000	71	0	0	1	71	190	260	1.85e-31	132
Query_1	BBa_M1727	100.000	71	0	0	1	71	190	260	1.85e-31	132
Query_1	BBa_M1725	100.000	71	0	0	1	71	190	260	1.85e-31	132
Query_1	BBa_K914015	100.000	71	0	0	1	71	190	260	1.85e-31	132
Query_1	BBa_K914004	100.000	71	0	0	1	71	190	260	1.85e-31	132
Query_1	BBa_K769017	100.000	71	0	0	1	71	190	260	1.85e-31	132
Query_1	BBa_K769013	100.000	71	0	0	1	71	190	260	1.85e-31	132
Query_1	BBa_K769011	100.000	71	0	0	1	71	190	260	1.85e-31	132
Query_1	BBa_K743012	100.000	71	0	0	1	71	190	260	1.85e-31	132
Query_1	BBa_K633014	100.000	71	0	0	1	71	190	260	1.85e-31	132
Query_1	BBa_K627009	100.000	71	0	0	1	71	190	260	1.85e-31	132
Query_1	BBa_K614002	100.000	71	0	0	1	71	239	309	1.85e-31	132
Query_1	BBa_K607034	100.000	71	0	0	1	71	2072	2002	1.85e-31	132
Query_1	BBa_K607029	100.000	71	0	0	1	71	2116	2046	1.85e-31	132
Query_1	BBa_K607023	100.000	71	0	0	1	71	2132	2062	1.85e-31	132
Query_1	BBa_K607001	100.000	71	0	0	1	71	190	260	1.85e-31	132
Query_1	BBa_K510042	100.000	71	0	0	1	71	4586	4656	1.85e-31	132
Query_1	BBa_K426021	100.000	71	0	0	1	71	239	309	1.85e-31	132
Query_1	BBa_K426017	100.000	71	0	0	1	71	239	309	1.85e-31	132
Query_1	BBa_K395402	100.000	71	0	0	1	71	190	260	1.85e-31	132
Query_1	BBa_K377702	100.000	71	0	0	1	71	190	260	1.85e-31	132
Query_1	BBa_K353002	100.000	71	0	0	1	71	190	260	1.85e-31	132
Query_1	BBa_K339009	100.000	71	0	0	1	71	1122	1192	1.85e-31	132
Query_1	BBa_K329035	100.000	71	0	0	1	71	190	260	1.85e-31	132
Query_1	BBa_K329029	100.000	71	0	0	1	71	190	260	1.85e-31	132
Query_1	BBa_K329027	100.000	71	0	0	1	71	190	260	1.85e-31	132
Query_1	BBa_K324050	100.000	71	0	0	1	71	2551	2481	1.85e-31	132
Query_1	BBa_K2895012	100.000	71	0	0	1	71	190	260	1.85e-31	132
Query_1	BBa_K2836004	100.000	71	0	0	1	71	296	366	1.85e-31	132
Query_1	BBa_K2771038	100.000	71	0	0	1	71	190	260	1.85e-31	132
Query_1	BBa_K2771036	100.000	71	0	0	1	71	190	260	1.85e-31	132
Query_1	BBa_K2771034	100.000	71	0	0	1	71	190	260	1.85e-31	132
Query_1	BBa_K2771032	100.000	71	0	0	1	71	190	260	1.85e-31	132
Query_1	BBa_K2771030	100.000	71	0	0	1	71	190	260	1.85e-31	132
Query_1	BBa_K2759007	100.000	71	0	0	1	71	190	260	1.85e-31	132
Query_1	BBa_K2759005	100.000	71	0	0	1	71	190	260	1.85e-31	132
Query_1	BBa_K2725010	100.000	71	0	0	1	71	190	260	1.85e-31	132
Query_1	BBa_K2716100	100.000	71	0	0	1	71	190	260	1.85e-31	132
Query_1	BBa_K2680263	100.000	71	0	0	1	71	747	677	1.85e-31	132
Query_1	BBa_K2677002	100.000	71	0	0	1	71	190	260	1.85e-31	132
Query_1	BBa_K2671000	100.000	71	0	0	1	71	190	260	1.85e-31	132
Query_1	BBa_K2656121	100.000	71	0	0	1	71	752	682	1.85e-31	132
Query_1	BBa_K2638997	100.000	71	0	0	1	71	773	843	1.85e-31	132
Query_1	BBa_K2638991	100.000	71	0	0	1	71	190	260	1.85e-31	132
Query_1	BBa_K2638204	100.000	71	0	0	1	71	190	260	1.85e-31	132
Query_1	BBa_K2638113	100.000	71	0	0	1	71	190	260	1.85e-31	132
Query_1	BBa_K2638015	100.000	71	0	0	1	71	190	260	1.85e-31	132
Query_1	BBa_K2638015	100.000	71	0	0	1	71	1904	1974	1.85e-31	132
Query_1	BBa_K2638005	100.000	71	0	0	1	71	190	260	1.85e-31	132
Query_1	BBa_K2623027	100.000	71	0	0	1	71	190	260	1.85e-31	132
Query_1	BBa_K2577009	100.000	71	0	0	1	71	875	805	1.85e-31	132
Query_1	BBa_K2577007	100.000	71	0	0	1	71	875	805	1.85e-31	132
Query_1	BBa_K2577005	100.000	71	0	0	1	71	875	805	1.85e-31	132
Query_1	BBa_K257013	100.000	71	0	0	1	71	190	260	1.85e-31	132
Query_1	BBa_K257011	100.000	71	0	0	1	71	190	260	1.85e-31	132
Query_1	BBa_K2570023	100.000	71	0	0	1	71	190	260	1.85e-31	132
Query_1	BBa_K2505001	100.000	71	0	0	1	71	190	260	1.85e-31	132
Query_1	BBa_K2486031	100.000	71	0	0	1	71	190	260	1.85e-31	132
Query_1	BBa_K2457005	100.000	71	0	0	1	71	253	323	1.85e-31	132
Query_1	BBa_K2442107	100.000	71	0	0	1	71	772	702	1.85e-31	132
Query_1	BBa_K2442105	100.000	71	0	0	1	71	772	702	1.85e-31	132
Query_1	BBa_K2401011	100.000	71	0	0	1	71	2447	2517	1.85e-31	132
Query_1	BBa_K2387079	100.000	71	0	0	1	71	190	260	1.85e-31	132
Query_1	BBa_K2387070	100.000	71	0	0	1	71	190	260	1.85e-31	132
Query_1	BBa_K2387068	100.000	71	0	0	1	71	190	260	1.85e-31	132
Query_1	BBa_K2387062	100.000	71	0	0	1	71	190	260	1.85e-31	132
Query_1	BBa_K2387031	100.000	71	0	0	1	71	190	260	1.85e-31	132
Query_1	BBa_K2387029	100.000	71	0	0	1	71	190	260	1.85e-31	132
Query_1	BBa_K2387009	100.000	71	0	0	1	71	190	260	1.85e-31	132
Query_1	BBa_K2387003	100.000	71	0	0	1	71	190	260	1.85e-31	132
Query_1	BBa_K2242920	100.000	71	0	0	1	71	190	260	1.85e-31	132
Query_1	BBa_K2235011	100.000	71	0	0	1	71	2163	2233	1.85e-31	132
Query_1	BBa_K2206008	100.000	71	0	0	1	71	190	260	1.85e-31	132
Query_1	BBa_K2206006	100.000	71	0	0	1	71	190	260	1.85e-31	132
Query_1	BBa_K2120310	100.000	71	0	0	1	71	1960	1890	1.85e-31	132
Query_1	BBa_K2120308	100.000	71	0	0	1	71	2277	2207	1.85e-31	132
Query_1	BBa_K2120306	100.000	71	0	0	1	71	1960	1890	1.85e-31	132
Query_1	BBa_K2120005	100.000	71	0	0	1	71	190	260	1.85e-31	132
Query_1	BBa_K2120003	100.000	71	0	0	1	71	190	260	1.85e-31	132
Query_1	BBa_K2109106	100.000	71	0	0	1	71	190	260	1.85e-31	132
Query_1	BBa_K204036	100.000	71	0	0	1	71	190	260	1.85e-31	132
Query_1	BBa_K1954007	100.000	71	0	0	1	71	746	676	1.85e-31	132
Query_1	BBa_K1949102	100.000	71	0	0	1	71	190	260	1.85e-31	132
Query_1	BBa_K1949052	100.000	71	0	0	1	71	190	260	1.85e-31	132
Query_1	BBa_K1949032	100.000	71	0	0	1	71	190	260	1.85e-31	132
Query_1	BBa_K1893017	100.000	71	0	0	1	71	327	397	1.85e-31	132
Query_1	BBa_K1891014	100.000	71	0	0	1	71	190	260	1.85e-31	132
Query_1	BBa_K1878002	100.000	71	0	0	1	71	190	260	1.85e-31	132
Query_1	BBa_K1826004	100.000	71	0	0	1	71	190	260	1.85e-31	132
Query_1	BBa_K1780005	100.000	71	0	0	1	71	690	620	1.85e-31	132
Query_1	BBa_K1714004	100.000	71	0	0	1	71	190	260	1.85e-31	132
Query_1	BBa_K1682017	100.000	71	0	0	1	71	190	260	1.85e-31	132
Query_1	BBa_K1604025	100.000	71	0	0	1	71	190	260	1.85e-31	132
Query_1	BBa_K1604025	100.000	71	0	0	1	71	3097	3167	1.85e-31	132
Query_1	BBa_K1604010	100.000	71	0	0	1	71	190	260	1.85e-31	132
Query_1	BBa_K1602047	100.000	71	0	0	1	71	190	260	1.85e-31	132
Query_1	BBa_K1392972	100.000	71	0	0	1	71	190	260	1.85e-31	132
Query_1	BBa_K1375022	100.000	71	0	0	1	71	190	260	1.85e-31	132
Query_1	BBa_K136015	100.000	71	0	0	1	71	190	260	1.85e-31	132
Query_1	BBa_K132023	100.000	71	0	0	1	71	2125	2055	1.85e-31	132
Query_1	BBa_K132020	100.000	71	0	0	1	71	708	638	1.85e-31	132
Query_1	BBa_K132012	100.000	71	0	0	1	71	1432	1362	1.85e-31	132
Query_1	BBa_K1300009	100.000	71	0	0	1	71	190	260	1.85e-31	132
Query_1	BBa_K113019	100.000	71	0	0	1	71	190	260	1.85e-31	132
Query_1	BBa_K1111009	100.000	71	0	0	1	71	190	260	1.85e-31	132
Query_1	BBa_K1075048	100.000	71	0	0	1	71	190	260	1.85e-31	132
Query_1	BBa_K1053007	100.000	71	0	0	1	71	191	261	1.85e-31	132
Query_1	BBa_K102092	100.000	71	0	0	1	71	190	260	1.85e-31	132
Query_1	BBa_K102082	100.000	71	0	0	1	71	190	260	1.85e-31	132
Query_1	BBa_K102072	100.000	71	0	0	1	71	190	260	1.85e-31	132
Query_1	BBa_K102062	100.000	71	0	0	1	71	190	260	1.85e-31	132
Query_1	BBa_K102052	100.000	71	0	0	1	71	190	260	1.85e-31	132
Query_1	BBa_K102042	100.000	71	0	0	1	71	190	260	1.85e-31	132
Query_1	BBa_K102034	100.000	71	0	0	1	71	190	260	1.85e-31	132
Query_1	BBa_J85115	100.000	71	0	0	1	71	929	859	1.85e-31	132
Query_1	BBa_J72152	100.000	71	0	0	1	71	234	304	1.85e-31	132
Query_1	BBa_J72115	100.000	71	0	0	1	71	234	304	1.85e-31	132
Query_1	BBa_J72103	100.000	71	0	0	1	71	234	304	1.85e-31	132
Query_1	BBa_J72101	100.000	71	0	0	1	71	234	304	1.85e-31	132
Query_1	BBa_J72099	100.000	71	0	0	1	71	234	304	1.85e-31	132
Query_1	BBa_J72095	100.000	71	0	0	1	71	234	304	1.85e-31	132
Query_1	BBa_J69801	100.000	71	0	0	1	71	2118	2188	1.85e-31	132
Query_1	BBa_J24796	100.000	71	0	0	1	71	916	846	1.85e-31	132
Query_1	BBa_J24796	100.000	71	0	0	1	71	3542	3472	1.85e-31	132
Query_1	BBa_J24796	100.000	71	0	0	1	71	6094	6164	1.85e-31	132
Query_1	BBa_J24794	100.000	71	0	0	1	71	916	846	1.85e-31	132
Query_1	BBa_J24794	100.000	71	0	0	1	71	3541	3471	1.85e-31	132
Query_1	BBa_J24794	100.000	71	0	0	1	71	6094	6164	1.85e-31	132
Query_1	BBa_J24792	100.000	71	0	0	1	71	916	846	1.85e-31	132
Query_1	BBa_J24792	100.000	71	0	0	1	71	3543	3473	1.85e-31	132
Query_1	BBa_J24792	100.000	71	0	0	1	71	6096	6166	1.85e-31	132
Query_1	BBa_J24790	100.000	71	0	0	1	71	916	846	1.85e-31	132
Query_1	BBa_J24790	100.000	71	0	0	1	71	3542	3472	1.85e-31	132
Query_1	BBa_J24790	100.000	71	0	0	1	71	6096	6166	1.85e-31	132
Query_1	BBa_J24788	100.000	71	0	0	1	71	917	847	1.85e-31	132
Query_1	BBa_J24788	100.000	71	0	0	1	71	3543	3473	1.85e-31	132
Query_1	BBa_J24788	100.000	71	0	0	1	71	6095	6165	1.85e-31	132
Query_1	BBa_J24786	100.000	71	0	0	1	71	917	847	1.85e-31	132
Query_1	BBa_J24786	100.000	71	0	0	1	71	3545	3475	1.85e-31	132
Query_1	BBa_J24786	100.000	71	0	0	1	71	6097	6167	1.85e-31	132
Query_1	BBa_J24784	100.000	71	0	0	1	71	917	847	1.85e-31	132
Query_1	BBa_J24784	100.000	71	0	0	1	71	3544	3474	1.85e-31	132
Query_1	BBa_J24784	100.000	71	0	0	1	71	6097	6167	1.85e-31	132
Query_1	BBa_J24782	100.000	71	0	0	1	71	917	847	1.85e-31	132
Query_1	BBa_J24782	100.000	71	0	0	1	71	3543	3473	1.85e-31	132
Query_1	BBa_J24782	100.000	71	0	0	1	71	6097	6167	1.85e-31	132
Query_1	BBa_J24779	100.000	71	0	0	1	71	917	847	1.85e-31	132
Query_1	BBa_J24779	100.000	71	0	0	1	71	3545	3475	1.85e-31	132
Query_1	BBa_J24779	100.000	71	0	0	1	71	6099	6169	1.85e-31	132
Query_1	BBa_J24777	100.000	71	0	0	1	71	918	848	1.85e-31	132
Query_1	BBa_J24777	100.000	71	0	0	1	71	3546	3476	1.85e-31	132
Query_1	BBa_J24777	100.000	71	0	0	1	71	6098	6168	1.85e-31	132
Query_1	BBa_J24775	100.000	71	0	0	1	71	918	848	1.85e-31	132
Query_1	BBa_J24775	100.000	71	0	0	1	71	3545	3475	1.85e-31	132
Query_1	BBa_J24775	100.000	71	0	0	1	71	6098	6168	1.85e-31	132
Query_1	BBa_J24773	100.000	71	0	0	1	71	918	848	1.85e-31	132
Query_1	BBa_J24773	100.000	71	0	0	1	71	3547	3477	1.85e-31	132
Query_1	BBa_J24773	100.000	71	0	0	1	71	6100	6170	1.85e-31	132
Query_1	BBa_J24769	100.000	71	0	0	1	71	918	848	1.85e-31	132
Query_1	BBa_J24769	100.000	71	0	0	1	71	3546	3476	1.85e-31	132
Query_1	BBa_J24769	100.000	71	0	0	1	71	6100	6170	1.85e-31	132
Query_1	BBa_J24767	100.000	71	0	0	1	71	916	846	1.85e-31	132
Query_1	BBa_J24767	100.000	71	0	0	1	71	3541	3471	1.85e-31	132
Query_1	BBa_J24765	100.000	71	0	0	1	71	916	846	1.85e-31	132
Query_1	BBa_J24765	100.000	71	0	0	1	71	3541	3471	1.85e-31	132
Query_1	BBa_J24763	100.000	71	0	0	1	71	916	846	1.85e-31	132
Query_1	BBa_J24763	100.000	71	0	0	1	71	3542	3472	1.85e-31	132
Query_1	BBa_J24761	100.000	71	0	0	1	71	916	846	1.85e-31	132
Query_1	BBa_J24761	100.000	71	0	0	1	71	3543	3473	1.85e-31	132
Query_1	BBa_J24759	100.000	71	0	0	1	71	916	846	1.85e-31	132
Query_1	BBa_J24759	100.000	71	0	0	1	71	3543	3473	1.85e-31	132
Query_1	BBa_J24757	100.000	71	0	0	1	71	917	847	1.85e-31	132
Query_1	BBa_J24757	100.000	71	0	0	1	71	3543	3473	1.85e-31	132
Query_1	BBa_J24755	100.000	71	0	0	1	71	917	847	1.85e-31	132
Query_1	BBa_J24755	100.000	71	0	0	1	71	3544	3474	1.85e-31	132
Query_1	BBa_J24753	100.000	71	0	0	1	71	917	847	1.85e-31	132
Query_1	BBa_J24753	100.000	71	0	0	1	71	3545	3475	1.85e-31	132
Query_1	BBa_J24751	100.000	71	0	0	1	71	917	847	1.85e-31	132
Query_1	BBa_J24751	100.000	71	0	0	1	71	3545	3475	1.85e-31	132
Query_1	BBa_J24749	100.000	71	0	0	1	71	918	848	1.85e-31	132
Query_1	BBa_J24749	100.000	71	0	0	1	71	3545	3475	1.85e-31	132
Query_1	BBa_J24747	100.000	71	0	0	1	71	918	848	1.85e-31	132
Query_1	BBa_J24747	100.000	71	0	0	1	71	3546	3476	1.85e-31	132
Query_1	BBa_J24745	100.000	71	0	0	1	71	918	848	1.85e-31	132
Query_1	BBa_J24745	100.000	71	0	0	1	71	3546	3476	1.85e-31	132
Query_1	BBa_J24743	100.000	71	0	0	1	71	918	848	1.85e-31	132
Query_1	BBa_J24743	100.000	71	0	0	1	71	3547	3477	1.85e-31	132
Query_1	BBa_J24741	100.000	71	0	0	1	71	918	848	1.85e-31	132
Query_1	BBa_J24741	100.000	71	0	0	1	71	3547	3477	1.85e-31	132
Query_1	BBa_J24739	100.000	71	0	0	1	71	190	260	1.85e-31	132
Query_1	BBa_J24737	100.000	71	0	0	1	71	190	260	1.85e-31	132
Query_1	BBa_J24735	100.000	71	0	0	1	71	190	260	1.85e-31	132
Query_1	BBa_J24733	100.000	71	0	0	1	71	190	260	1.85e-31	132
Query_1	BBa_J24731	100.000	71	0	0	1	71	770	700	1.85e-31	132
Query_1	BBa_J24729	100.000	71	0	0	1	71	770	700	1.85e-31	132
Query_1	BBa_J24727	100.000	71	0	0	1	71	771	701	1.85e-31	132
Query_1	BBa_J24725	100.000	71	0	0	1	71	772	702	1.85e-31	132
Query_1	BBa_J24723	100.000	71	0	0	1	71	772	702	1.85e-31	132
Query_1	BBa_J24721	100.000	71	0	0	1	71	916	846	1.85e-31	132
Query_1	BBa_J24719	100.000	71	0	0	1	71	917	847	1.85e-31	132
Query_1	BBa_J24717	100.000	71	0	0	1	71	917	847	1.85e-31	132
Query_1	BBa_J24715	100.000	71	0	0	1	71	918	848	1.85e-31	132
Query_1	BBa_J24699	100.000	71	0	0	1	71	190	260	1.85e-31	132
Query_1	BBa_J24697	100.000	71	0	0	1	71	190	260	1.85e-31	132
Query_1	BBa_J24695	100.000	71	0	0	1	71	771	701	1.85e-31	132
Query_1	BBa_J24693	100.000	71	0	0	1	71	916	846	1.85e-31	132
Query_1	BBa_J24691	100.000	71	0	0	1	71	918	848	1.85e-31	132
Query_1	BBa_J24681	100.000	71	0	0	1	71	709	639	1.85e-31	132
Query_1	BBa_J24674	100.000	71	0	0	1	71	190	260	1.85e-31	132
Query_1	BBa_J242747	100.000	71	0	0	1	71	918	848	1.85e-31	132
Query_1	BBa_J242747	100.000	71	0	0	1	71	3546	3476	1.85e-31	132
Query_1	BBa_J22066	100.000	71	0	0	1	71	190	260	1.85e-31	132
Query_1	BBa_J120030	100.000	71	0	0	1	71	190	260	1.85e-31	132
Query_1	BBa_I759025	100.000	71	0	0	1	71	429	499	1.85e-31	132
Query_1	BBa_I759022	100.000	71	0	0	1	71	429	499	1.85e-31	132
Query_1	BBa_I746390	100.000	71	0	0	1	71	190	260	1.85e-31	132
Query_1	BBa_I746374	100.000	71	0	0	1	71	190	260	1.85e-31	132
Query_1	BBa_I721006	100.000	71	0	0	1	71	1627	1557	1.85e-31	132
Query_1	BBa_I14010	100.000	71	0	0	1	71	711	641	1.85e-31	132
Query_1	BBa_I13506	100.000	71	0	0	1	71	190	260	1.85e-31	132
Query_1	BBa_I13407	100.000	71	0	0	1	71	190	260	1.85e-31	132
Query_1	BBa_I13407	100.000	71	0	0	1	71	2310	2380	1.85e-31	132
Query_1	BBa_I13204	100.000	71	0	0	1	71	190	260	1.85e-31	132
Query_1	BBa_I13037	100.000	71	0	0	1	71	190	260	1.85e-31	132
Query_1	BBa_I13016	100.000	71	0	0	1	71	190	260	1.85e-31	132
Query_1	BBa_I12232	100.000	71	0	0	1	71	2108	2038	1.85e-31	132
Query_1	BBa_I12053	100.000	71	0	0	1	71	1191	1261	1.85e-31	132
Query_1	BBa_I12051	100.000	71	0	0	1	71	1191	1261	1.85e-31	132
Query_1	BBa_E0614	100.000	71	0	0	1	71	190	260	1.85e-31	132
Query_1	BBa_E0611	100.000	71	0	0	1	71	190	260	1.85e-31	132
Query_1	BBa_E0605	100.000	71	0	0	1	71	190	260	1.85e-31	132
Query_1	BBa_E0603	100.000	71	0	0	1	71	190	260	1.85e-31	132
Query_1	BBa_E0601	100.000	71	0	0	1	71	190	260	1.85e-31	132
Query_1	BBa_B3209	100.000	71	0	0	1	71	190	260	1.85e-31	132
Query_1	BBa_B3207	100.000	71	0	0	1	71	190	260	1.85e-31	132
Query_1	BBa_B3205	100.000	71	0	0	1	71	190	260	1.85e-31	132
Query_1	BBa_B3203	100.000	71	0	0	1	71	190	260	1.85e-31	132
Query_1	BBa_B3201	100.000	71	0	0	1	71	190	260	1.85e-31	132
Query_1	BBa_B3109	100.000	71	0	0	1	71	190	260	1.85e-31	132
Query_1	BBa_B3107	100.000	71	0	0	1	71	190	260	1.85e-31	132
Query_1	BBa_B3105	100.000	71	0	0	1	71	190	260	1.85e-31	132
Query_1	BBa_B3103	100.000	71	0	0	1	71	190	260	1.85e-31	132
Query_1	BBa_B3101	100.000	71	0	0	1	71	190	260	1.85e-31	132
Query_1	BBa_K808033	100.000	71	0	0	1	71	190	260	1.85e-31	132
Query_1	BBa_K743013	100.000	71	0	0	1	71	190	260	1.85e-31	132
Query_1	BBa_K607032	100.000	71	0	0	1	71	2073	2003	1.85e-31	132
Query_1	BBa_K607028	100.000	71	0	0	1	71	2114	2044	1.85e-31	132
Query_1	BBa_K607025	100.000	71	0	0	1	71	2133	2063	1.85e-31	132
Query_1	BBa_K353004	100.000	71	0	0	1	71	190	260	1.85e-31	132
Query_1	BBa_K204038	100.000	71	0	0	1	71	190	260	1.85e-31	132
Query_1	BBa_K1744002	100.000	71	0	0	1	71	212	282	1.85e-31	132
Query_1	BBa_K1714007	100.000	71	0	0	1	71	190	260	1.85e-31	132
Query_1	BBa_K1602051	100.000	71	0	0	1	71	190	260	1.85e-31	132
Query_1	BBa_K1362051	100.000	71	0	0	1	71	190	260	1.85e-31	132
Query_1	BBa_K1339021	100.000	71	0	0	1	71	190	260	1.85e-31	132
Query_1	BBa_K1339013	100.000	71	0	0	1	71	190	260	1.85e-31	132
Query_1	BBa_K1053004	100.000	71	0	0	1	71	190	260	1.85e-31	132
Query_1	BBa_I13544	100.000	71	0	0	1	71	190	260	1.85e-31	132
Query_1	BBa_I13538	100.000	71	0	0	1	71	190	260	1.85e-31	132
Query_1	BBa_I13516	100.000	71	0	0	1	71	190	260	1.85e-31	132
Query_1	BBa_I13402	100.000	71	0	0	1	71	1055	1125	1.85e-31	132
Query_1	BBa_I12029	100.000	71	0	0	1	71	190	260	1.85e-31	132
Query_1	BBa_K731250	100.000	71	0	0	1	71	190	260	1.85e-31	132
Query_1	BBa_K731020	100.000	71	0	0	1	71	190	260	1.85e-31	132
Query_1	BBa_K1632013	100.000	71	0	0	1	71	190	260	1.85e-31	132
Query_1	BBa_K1604022	100.000	71	0	0	1	71	1087	1157	1.85e-31	132
Query_1	BBa_K1352002	100.000	71	0	0	1	71	190	260	1.85e-31	132
Query_1	BBa_I746394	100.000	71	0	0	1	71	190	260	1.85e-31	132
Query_1	BBa_I746391	100.000	71	0	0	1	71	190	260	1.85e-31	132
Query_1	BBa_I746382	100.000	71	0	0	1	71	190	260	1.85e-31	132
Query_1	BBa_I746380	100.000	71	0	0	1	71	190	260	1.85e-31	132
Query_1	BBa_I746372	100.000	71	0	0	1	71	190	260	1.85e-31	132
Query_1	BBa_I746370	100.000	71	0	0	1	71	190	260	1.85e-31	132
Query_1	BBa_I13520	100.000	71	0	0	1	71	190	260	1.85e-31	132
Query_1	BBa_K494001	100.000	71	0	0	1	71	2681	2751	1.85e-31	132
Query_1	BBa_K2895014	100.000	71	0	0	1	71	196	266	1.85e-31	132
Query_1	BBa_K2435001	100.000	71	0	0	1	71	2092	2162	1.85e-31	132
Query_1	BBa_K2435000	100.000	71	0	0	1	71	2092	2162	1.85e-31	132
Query_1	BBa_K1199009	100.000	71	0	0	1	71	3384	3454	1.85e-31	132
Query_1	BBa_J72114	100.000	71	0	0	1	71	6336	6266	1.85e-31	132
Query_1	BBa_J18976	100.000	71	0	0	1	71	3822	3892	1.85e-31	132
Query_1	BBa_J18968	100.000	71	0	0	1	71	3624	3694	1.85e-31	132
Query_1	BBa_J18967	100.000	71	0	0	1	71	3822	3892	1.85e-31	132
Query_1	BBa_J18966	100.000	71	0	0	1	71	3822	3892	1.85e-31	132
Query_1	BBa_J18965	100.000	71	0	0	1	71	3822	3892	1.85e-31	132
Query_1	BBa_J18964	100.000	71	0	0	1	71	3821	3891	1.85e-31	132
Query_1	BBa_K1951011	100.000	71	0	0	1	71	190	260	1.85e-31	132
Query_1	BBa_J56010	100.000	71	0	0	1	71	285	355	1.85e-31	132
Query_1	BBa_M1730	100.000	71	0	0	1	71	190	260	1.85e-31	132
Query_1	BBa_K368000	100.000	71	0	0	1	71	190	260	1.85e-31	132
Query_1	BBa_K349105	100.000	71	0	0	1	71	696	626	1.85e-31	132
Query_1	BBa_K341445	100.000	71	0	0	1	71	190	260	1.85e-31	132
Query_1	BBa_K324001	100.000	71	0	0	1	71	690	620	1.85e-31	132
Query_1	BBa_K2819206	100.000	71	0	0	1	71	190	260	1.85e-31	132
Query_1	BBa_K2779903	100.000	71	0	0	1	71	190	260	1.85e-31	132
Query_1	BBa_K2680543	100.000	71	0	0	1	71	690	620	1.85e-31	132
Query_1	BBa_K2656017	100.000	71	0	0	1	71	691	621	1.85e-31	132
Query_1	BBa_K2638153	100.000	71	0	0	1	71	190	260	1.85e-31	132
Query_1	BBa_K2577003	100.000	71	0	0	1	71	690	620	1.85e-31	132
Query_1	BBa_K2570022	100.000	71	0	0	1	71	190	260	1.85e-31	132
Query_1	BBa_K2560270	100.000	71	0	0	1	71	3025	2955	1.85e-31	132
Query_1	BBa_K2442114	100.000	71	0	0	1	71	690	620	1.85e-31	132
Query_1	BBa_K2442113	100.000	71	0	0	1	71	690	620	1.85e-31	132
Query_1	BBa_K2442112	100.000	71	0	0	1	71	690	620	1.85e-31	132
Query_1	BBa_K2442111	100.000	71	0	0	1	71	690	620	1.85e-31	132
Query_1	BBa_K2442103	100.000	71	0	0	1	71	690	620	1.85e-31	132
Query_1	BBa_K2168001	100.000	71	0	0	1	71	190	260	1.85e-31	132
Query_1	BBa_K2168000	100.000	71	0	0	1	71	190	260	1.85e-31	132
Query_1	BBa_K2151103	100.000	71	0	0	1	71	190	260	1.85e-31	132
Query_1	BBa_K2129007	100.000	71	0	0	1	71	190	260	1.85e-31	132
Query_1	BBa_K2066029	100.000	71	0	0	1	71	230	300	1.85e-31	132
Query_1	BBa_K1985017	100.000	71	0	0	1	71	190	260	1.85e-31	132
Query_1	BBa_K1985014	100.000	71	0	0	1	71	190	260	1.85e-31	132
Query_1	BBa_K1985013	100.000	71	0	0	1	71	190	260	1.85e-31	132
Query_1	BBa_K1985009	100.000	71	0	0	1	71	190	260	1.85e-31	132
Query_1	BBa_K1985008	100.000	71	0	0	1	71	190	260	1.85e-31	132
Query_1	BBa_K1985007	100.000	71	0	0	1	71	190	260	1.85e-31	132
Query_1	BBa_K1486055	100.000	71	0	0	1	71	190	260	1.85e-31	132
Query_1	BBa_K1486054	100.000	71	0	0	1	71	190	260	1.85e-31	132
Query_1	BBa_K1486001	100.000	71	0	0	1	71	190	260	1.85e-31	132
Query_1	BBa_K1433022	100.000	71	0	0	1	71	3992	4062	1.85e-31	132
Query_1	BBa_K1433013	100.000	71	0	0	1	71	3976	4046	1.85e-31	132
Query_1	BBa_K1433012	100.000	71	0	0	1	71	2072	2142	1.85e-31	132
Query_1	BBa_K1414002	100.000	71	0	0	1	71	1480	1550	1.85e-31	132
Query_1	BBa_K1401612	100.000	71	0	0	1	71	1002	932	1.85e-31	132
Query_1	BBa_K112625	100.000	71	0	0	1	71	234	304	1.85e-31	132
Query_1	BBa_K112623	100.000	71	0	0	1	71	234	304	1.85e-31	132
Query_1	BBa_K112622	100.000	71	0	0	1	71	234	304	1.85e-31	132
Query_1	BBa_K112621	100.000	71	0	0	1	71	234	304	1.85e-31	132
Query_1	BBa_K112136	100.000	71	0	0	1	71	234	304	1.85e-31	132
Query_1	BBa_K112135	100.000	71	0	0	1	71	234	304	1.85e-31	132
Query_1	BBa_K1114512	100.000	71	0	0	1	71	845	775	1.85e-31	132
Query_1	BBa_K1113501	100.000	71	0	0	1	71	190	260	1.85e-31	132
Query_1	BBa_I12205	100.000	71	0	0	1	71	690	620	1.85e-31	132
Query_1	BBa_K2434004	100.000	71	0	0	1	71	690	620	1.85e-31	132
Query_1	BBa_K112624	100.000	71	0	0	1	71	234	304	1.85e-31	132
Query_1	BBa_K1114204	100.000	71	0	0	1	71	694	624	1.85e-31	132
Query_1	BBa_K1088005	100.000	71	0	0	1	71	690	620	1.85e-31	132
Query_1	BBa_C0080	100.000	71	0	0	1	71	690	620	1.85e-31	132
Query_1	BBa_K1486056	100.000	71	0	0	1	71	190	260	1.85e-31	132
Query_1	BBa_K821004	100.000	71	0	0	1	71	306	376	1.85e-31	132
Query_1	BBa_K2895008	100.000	71	0	0	1	71	190	260	1.85e-31	132
Query_1	BBa_K2457000	100.000	71	0	0	1	71	253	323	1.85e-31	132
Query_1	BBa_K2380027	100.000	71	0	0	1	71	190	260	1.85e-31	132
Query_1	BBa_K2120100	100.000	71	0	0	1	71	1020	950	1.85e-31	132
Query_1	BBa_K2082112	100.000	71	0	0	1	71	190	260	1.85e-31	132
Query_1	BBa_K2003030	100.000	71	0	0	1	71	190	260	1.85e-31	132
Query_1	BBa_K1893015	100.000	71	0	0	1	71	327	397	1.85e-31	132
Query_1	BBa_K185052	100.000	71	0	0	1	71	283	353	1.85e-31	132
Query_1	BBa_K1826000	100.000	71	0	0	1	71	190	260	1.85e-31	132
Query_1	BBa_K1075001	100.000	71	0	0	1	71	280	350	1.85e-31	132
Query_1	BBa_K1067007	100.000	71	0	0	1	71	190	260	1.85e-31	132
Query_1	BBa_J72179	100.000	71	0	0	1	71	278	348	1.85e-31	132
Query_1	BBa_J72071	100.000	71	0	0	1	71	234	304	1.85e-31	132
Query_1	BBa_J24671	100.000	71	0	0	1	71	1949	1879	1.85e-31	132
Query_1	BBa_J24670	100.000	71	0	0	1	71	1627	1557	1.85e-31	132
Query_1	BBa_J24669	100.000	71	0	0	1	71	190	260	1.85e-31	132
Query_1	BBa_I13406	100.000	71	0	0	1	71	190	260	1.85e-31	132
Query_1	BBa_K607040	100.000	71	0	0	1	71	1021	951	1.85e-31	132
Query_1	BBa_K1985016	100.000	71	0	0	1	71	190	260	1.85e-31	132
Query_1	BBa_K1519125	100.000	71	0	0	1	71	190	260	1.85e-31	132
Query_1	BBa_K1333315	100.000	71	0	0	1	71	190	260	1.85e-31	132
Query_1	BBa_K1321333	100.000	71	0	0	1	71	190	260	1.85e-31	132
Query_1	BBa_K113009	100.000	71	0	0	1	71	190	260	1.85e-31	132
Query_1	BBa_K1075002	100.000	71	0	0	1	71	190	260	1.85e-31	132
Query_1	BBa_K808000	100.000	71	0	0	1	71	190	260	1.85e-31	132
Query_1	BBa_K731201	100.000	71	0	0	1	71	190	260	1.85e-31	132
Query_1	BBa_K228009	100.000	71	0	0	1	71	388	458	1.85e-31	132
Query_1	BBa_K1088017	100.000	71	0	0	1	71	746	676	1.85e-31	132
Query_1	BBa_I0500	100.000	71	0	0	1	71	190	260	1.85e-31	132
Query_1	BBa_M10224	98.592	71	1	0	1	71	234	304	8.59e-30	126
Query_1	BBa_M10219	98.592	71	1	0	1	71	234	304	8.59e-30	126
Query_1	BBa_M10216	98.592	71	1	0	1	71	234	304	8.59e-30	126
Query_1	BBa_M10212	98.592	71	1	0	1	71	234	304	8.59e-30	126
Query_1	BBa_M10210	98.592	71	1	0	1	71	234	304	8.59e-30	126
Query_1	BBa_M10093	98.592	71	1	0	1	71	234	304	8.59e-30	126
Query_1	BBa_K197037	98.592	71	1	0	1	71	234	304	8.59e-30	126
Query_1	BBa_K197035	98.592	71	1	0	1	71	234	304	8.59e-30	126
Query_1	BBa_K197033	98.592	71	1	0	1	71	234	304	8.59e-30	126
Query_1	BBa_K112371	98.592	71	1	0	1	71	281	351	8.59e-30	126
Query_1	BBa_K112369	98.592	71	1	0	1	71	281	351	8.59e-30	126
Query_1	BBa_K112363	98.592	71	1	0	1	71	281	351	8.59e-30	126
Query_1	BBa_K112361	98.592	71	1	0	1	71	281	351	8.59e-30	126
Query_1	BBa_K112357	98.592	71	1	0	1	71	281	351	8.59e-30	126
Query_1	BBa_K112355	98.592	71	1	0	1	71	281	351	8.59e-30	126
Query_1	BBa_K1692034	98.592	71	1	0	1	71	5465	5535	8.59e-30	126
Query_1	BBa_K112900	98.592	71	1	0	1	71	281	351	8.59e-30	126
